integrateArrAlign
  Threads,     Time, Acceleration,    Result
        1, 1.601276,     1.000000,  0.666667
        2, 0.340148,     4.707586,  0.666667
        3, 0.299205,     5.351762,  0.666667
        4, 0.247260,     6.476077,  0.666667

integrateCrit
  Threads,     Time, Acceleration,    Result
        1, 0.391279,     1.000000,  0.666667
        2, 0.186159,     2.101860,  0.666667
        3, 0.128738,     3.039344,  0.666667
        4, 0.129531,     3.020730,  0.666667

integrateReductionOMP
  Threads,     Time, Acceleration,    Result
        1, 0.393900,     1.000000,  0.666667
        2, 0.249783,     1.576972,  0.666667
        3, 0.197525,     1.994181,  0.666667
        4, 0.191943,     2.052171,  0.666667

integratePS
  Threads,     Time, Acceleration,    Result
        1, 0.746357,     1.000000,  0.666667
        2, 0.647018,     1.153534,  0.666667
        3, 0.228584,     3.265129,  0.666667
        4, 0.189918,     3.929891,  0.666667

integrateReduction
  Threads,     Time, Acceleration,    Result
        1, 0.767184,     1.000000,  0.666667
        2, 0.373814,     2.052314,  0.666667
        3, 0.241913,     3.171323,  0.666667
        4, 0.237599,     3.228898,  0.666667

