integrateCrit
  Threads,     Time, Acceleration,    Result
        1, 0.451338,     1.000000,  0.666667
        2, 0.204256,     2.209667,  0.666667
        3, 0.137566,     3.280880,  0.666667
        4, 0.119839,     3.766202,  0.666667

integrateArrAlign
  Threads,     Time, Acceleration,    Result
        1, 0.550233,     1.000000,  0.666667
        2, 0.400939,     1.372363,  0.666667
        3, 0.190449,     2.889144,  1.000000
        4, 0.159819,     3.442860,  0.666667

integrateReductionOMP
  Threads,     Time, Acceleration,    Result
        1, 0.381208,     1.000000,  0.666667
        2, 0.185944,     2.050129,  0.666667
        3, 0.137279,     2.776876,  0.666667
        4, 0.137522,     2.771972,  0.666667

integratePS
  Threads,     Time, Acceleration,    Result
        1, 0.680064,     1.000000,  0.666667
        2, 0.317060,     2.144903,  0.666667
        3, 0.219139,     3.103340,  0.666667
        4, 0.155127,     4.383902,  0.666667

integrateReduction
  Threads,     Time, Acceleration,    Result
        1, 0.721095,     1.000000,  0.666667
        2, 0.590551,     1.221054,  0.666667
        3, 0.322658,     2.234862,  0.666667
        4, 0.634370,     1.136710,  0.666667

